[oanda]
account_id = 000-000-0000000-000
api_key = 00000000000000000000000000000000000000000000000000000000000000000
pair = USD_JPY
lot = 10000
asi = M5
date = 2005-01-02T19:12:00
epoch = 50
bar = 10
limit_up = 0.049000000000006594
limit_down = -0.04999999999999716
lern = 100
